45 23 14
87 98 12 55 23
34
67 23 89 11
45 12 89 56 34 78
45 67 78 23 56 89 10
45 12
78 56 34 11 55 10 67 89 
12 56 78
23 45 67 89 12 34 78
67 45 34 11 23 10
45 56 89 12 67
78 23 55 34 10 89 11
23 56 45
67 12 89 78 55 34
56 67 12 34 45
23 55 78 89 10 11
45 12 34
56 67 89 78 23 55 11
23 56 10 34
45 67 89 12 78 55 11
34 23 56 12
45 67 78 10 11 55
89 34 23 56 78
67 89 12 45
23 56 34 10 55 11
45 67 78 89 12
78 55 23 56
34 45 11 12 89
67 10 78 23 55
45 56 34 89
23 78 67 10 11
12 45 56
67 23 55 78 89
56 34 45 12 11 10 78
23 67 89 55
45 56 78 12 23
34 67 89
55 23 10 78 12 56
67 89 34 45 11
56 23 55 10 78 12
34 67 89 45
23 12 78 56 11
55 34 67 89
12 78 23 45 10
56 55 67 11 12
34 23 78 89
45 56 10 67 55 12
23 34 89 78
67 45 56 11 55 12
78 23 10 56
34 67 89 45 23
56 78 11 10
23 67 12 45
89 34 56 23 55
67 78 45 10 11
12 23 56
89 34 67 78
23 45 55 12
78 67 56 10 11 34
56 89 23
67 45 78 12 34 55
89 23 67 10
12 34 55 56
78 89 23 45 67
67 56 12 55 78
10 34 89 23
56 12 67 78
89 23 45 10 55
34 67 56 11
12 78 45 89 23
55 10 67 78
23 56 11 45
34 89 67 12 55
78 23 56
45 10 67 89 11 23
56 12 34 78
23 45 55 67 89
34 56 78 11
12 67 89 23 55
45 10 78 23
56 34 67 12 55
89 45 78 11 23
67 56 10 23
78 89 12 55
45 67 34 56
23 10 78 56 12 34
67 11 55 23
89 12 67 45
78 34 56 23 55 12
67 89 45 56 10
11 78 23 12
23 55 34 67 89
56 10 12 78 45
67 23 56 55
89 45 78 10 11
12 34 23 56 67
55 78 89
67 10 45 56 23
34 55 78 12 45 23 14
87 98 12 55 23
34
67 23 89 11
45 12 89 56 34 78
45 67 78 23 56 89 10
45 12
78 56 34 11 55 10 67 89
12 56 78
23 45 67 89 12 34 78
67 45 34 11 23 10
45 56 89 12 67
78 23 55 34 10 89 11
23 56 45
67 12 89 78 55 34
56 67 12 34 45
23 55 78 89 10 11
45 12 34
56 67 89 78 23 55 11
23 56 10 34
45 67 89 12 78 55 11
34 23 56 12
45 67 78 10 11 55
89 34 23 56 78
67 89 12 45
23 56 34 10 55 11
45 67 78 89 12
78 55 23 56
34 45 11 12 89
67 10 78 23 55
45 56 34 89
23 78 67 10 11
12 45 56
67 23 55 78 89
56 34 45 12 11 10 78
23 67 89 55
45 56 78 12 23
34 67 89
55 23 10 78 12 56
67 89 34 45 11
56 23 55 10 78 12
34 67 89 45
23 12 78 56 11
55 34 67 89
12 78 23 45 10
56 55 67 11 12
34 23 78 89
45 56 10 67 55 12
23 34 89 78
67 45 56 11 55 12
78 23 10 56
34 67 89 45 23
56 78 11 10
23 67 12 45
89 34 56 23 55
67 78 45 10 11
12 23 56
89 34 67 78
23 45 55 12
78 67 56 10 11 34
56 89 23
67 45 78 12 34 55
89 23 67 10
12 34 55 56
78 89 23 45 67
67 56 12 55 78
10 34 89 23
56 12 67 78
89 23 45 10 55
34 67 56 11
12 78 45 89 23
55 10 67 78
23 56 11 45
34 89 67 12 55
78 23 56
45 10 67 89 11 23
56 12 34 78
23 45 55 67 89
34 56 78 11
12 67 89 23 55
45 10 78 23
56 34 67 12 55
89 45 78 11 23
67 56 10 23
78 89 12 55
45 67 34 56
23 10 78 56 12 34
67 11 55 23
89 12 67 45
78 34 56 23 55 12
67 89 45 56 10
11 78 23 12
23 55 34 67 89
56 10 12 78 45
67 23 56 55
89 45 78 10 11
12 34 23 56 67
55 78 89
67 10 45 56 23
23 45 67 89 12 34 78
67 45 34 11 23 10
45 56 89 12 67
78 23 55 34 10 89 11
23 56 45
67 12 89 78 55 34
56 67 12 34 45
23 55 78 89 10 11
45 12 34
56 67 89 78 23 55 11
23 56 10 34
45 67 89 12 78 55 11
34 23 56 12
45 67 78 10 11 55
89 34 23 56 78
67 89 12 45
23 56 34 10 55 11
45 67 78 89 12
78 55 23 56
34 45 11 12 89
67 10 78 23 55
45 56 34 89
23 78 67 10 11
12 45 56
67 23 55 78 89
56 34 45 12 11 10 78
23 67 89 55
45 56 78 12 23
34 67 89
55 23 10 78 12 56
67 89 34 45 11
56 23 55 10 78 12
34 67 89 45
23 12 78 56 11
55 34 67 89
12 78 23 45 10
56 55 67 11 12
34 23 78 89
45 56 10 67 55 12
23 34 89 78
67 45 56 11 55 12
78 23 10 56
34 67 89 45 23
56 78 11 10
23 67 12 45
89 34 56 23 55
67 78 45 10 11
12 23 56
89 34 67 78
23 45 55 12
78 67 56 10 11 34
56 89 23
67 45 78 12 34 55
89 23 67 10
12 34 55 56
78 89 23 45 67
67 56 12 55 78
10 34 89 23
56 12 67 78
89 23 45 10 55
34 67 56 11
12 78 45 89 23
55 10 67 78
23 56 11 45
34 89 67 12 55
78 23 56
45 10 67 89 11 23
56 12 34 78
23 45 55 67 89
34 56 78 11
12 67 89 23 55
45 10 78 23
56 34 67 12 55
89 45 78 11 23
67 56 10 23
78 89 12 55
45 67 34 56
23 10 78 56 12 34
67 11 55 23
89 12 67 45
78 34 56 23 55 12
67 89 45 56 10
11 78 23 12
23 55 34 67 89
56 10 12 78 45
67 23 56 55
 
89 45 78 10 11
12 34 23 56 67
55 78 89